0.999150
0.998296
0.997438
0.996576
0.995710
0.994840
0.993967
0.993089
0.992207
0.991321
0.990431
0.989537
0.988640
0.987738
0.986832
0.985923
0.985009
0.984091
0.983170
0.982244
0.981314
0.980381
0.979443
0.978501
0.977556
0.976606
0.975653
0.974695
0.973734
0.972768
0.971799
0.970825
0.969848
0.968867
0.967881
0.966892
0.965899
0.964901
0.963900
0.962895
0.961886
0.960873
0.959856
0.958835
0.957810
0.956781
0.955748
0.954711
0.953670
0.952625
0.951577
0.950524
0.949468
0.948407
0.947343
0.946275
0.945202
0.944126
0.943046
0.941962
0.940874
0.939783
0.938687
0.937588
0.936484
0.935377
0.934266
0.933151
0.932032
0.930909
0.929783
0.928652
0.927518
0.926380
0.925238
0.924092
0.922943
0.921789
0.920632
0.919471
0.918306
0.917138
0.915965
0.914789
0.913609
0.912425
0.911238
0.910047
0.908852
0.907653
0.906451
0.905245
0.904035
0.902821
0.901604
0.900383
0.899158
0.897930
0.896698
0.895462
0.894223
0.892980
0.891734
0.890483
0.889230
0.887972
0.886711
0.885446
0.884178
0.882906
0.881631
0.880352
0.879070
0.877784
0.876494
0.875201
0.873905
0.872605
0.871301
0.869994
0.868684
0.867370
0.866052
0.864731
0.863407
0.862080
0.860748
0.859414
0.858076
0.856735
0.855390
0.854042
0.852691
0.851337
0.849979
0.848617
0.847253
0.845885
0.844514
0.843140
0.841762
0.840382
0.838998
0.837610
0.836220
0.834826
0.833430
0.832030
0.830627
0.829221
0.827811
0.826399
0.824983
0.823565
0.822143
0.820719
0.819291
0.817860
0.816427
0.814990
0.813550
0.812107
0.810662
0.809213
0.807762
0.806307
0.804850
0.803390
0.801927
0.800461
0.798993
0.797521
0.796047
0.794570
0.793090
0.791607
0.790122
0.788634
0.787143
0.785649
0.784153
0.782654
0.781153
0.779649
0.778142
0.776632
0.775121
0.773606
0.772089
0.770569
0.769047
0.767523
0.765996
0.764466
0.762934
0.761400
0.759863
0.758324
0.756782
0.755238
0.753692
0.752143
0.750592
0.749039
0.747483
0.745926
0.744366
0.742803
0.741239
0.739672
0.738104
0.736533
0.734960
0.733384
0.731807
0.730228
0.728646
0.727063
0.725477
0.723890
0.722301
0.720709
0.719116
0.717521
0.715923
0.714324
0.712723
0.711121
0.709516
0.707910
0.706301
0.704691
0.703080
0.701466
0.699851
0.698234
0.696616
0.694996
0.693374
0.691750
0.690125
0.688499
0.686871
0.685241
0.683610
0.681977
0.680343
0.678707
0.677070
0.675432
0.673792
0.672151
0.670509
0.668865
0.667220
0.665573
0.663926
0.662277
0.660627
0.658975
0.657323
0.655669
0.654014
0.652358
0.650701
0.649043
0.647384
0.645724
0.644063
0.642401
0.640737
0.639073
0.637408
0.635742
0.634076
0.632408
0.630739
0.629070
0.627400
0.625729
0.624057
0.622385
0.620712
0.619038
0.617364
0.615689
0.614013
0.612337
0.610660
0.608983
0.607305
0.605626
0.603947
0.602268
0.600588
0.598908
0.597227
0.595546
0.593865
0.592183
0.590501
0.588818
0.587136
0.585453
0.583770
0.582087
0.580403
0.578719
0.577036
0.575352
0.573668
0.571984
0.570300
0.568615
0.566931
0.565247
0.563563
0.561879
0.560195
0.558511
0.556828
0.555144
0.553461
0.551778
0.550095
0.548412
0.546730
0.545048
0.543366
0.541684
0.540003
0.538322
0.536642
0.534962
0.533282
0.531603
0.529925
0.528247
0.526569
0.524892
0.523215
0.521540
0.519864
0.518190
0.516516
0.514843
0.513170
0.511498
0.509827
0.508157
0.506487
0.504818
0.503150
0.501483
0.499817
0.498152
0.496487
0.494824
0.493162
0.491500
0.489840
0.488180
0.486522
0.484864
0.483208
0.481553
0.479899
0.478246
0.476594
0.474944
0.473295
0.471647
0.470000
0.468354
0.466710
0.465067
0.463426
0.461785
0.460147
0.458509
0.456873
0.455239
0.453605
0.451974
0.450344
0.448715
0.447088
0.445463
0.443839
0.442216
0.440596
0.438977
0.437359
0.435744
0.434130
0.432517
0.430907
0.429298
0.427691
0.426086
0.424483
0.422881
0.421282
0.419684
0.418088
0.416494
0.414902
0.413312
0.411724
0.410138
0.408554
0.406972
0.405392
0.403814
0.402238
0.400664
0.399092
0.397523
0.395956
0.394391
0.392828
0.391267
0.389708
0.388152
0.386598
0.385046
0.383497
0.381950
0.380405
0.378863
0.377322
0.375785
0.374250
0.372717
0.371186
0.369658
0.368133
0.366610
0.365089
0.363571
0.362056
0.360543
0.359033
0.357525
0.356020
0.354517
0.353017
0.351520
0.350026
0.348534
0.347044
0.345558
0.344074
0.342593
0.341115
0.339639
0.338167
0.336697
0.335230
0.333765
0.332304
0.330845
0.329390
0.327937
0.326487
0.325040
0.323596
0.322155
0.320717
0.319281
0.317849
0.316420
0.314994
0.313571
0.312150
0.310733
0.309319
0.307908
0.306500
0.305096
0.303694
0.302295
0.300900
0.299508
0.298119
0.296733
0.295350
0.293970
0.292594
0.291221
0.289851
0.288484
0.287121
0.285761
0.284404
0.283051
0.281700
0.280353
0.279010
0.277669
0.276332
0.274999
0.273669
0.272342
0.271018
0.269698
0.268381
0.267068
0.265758
0.264452
0.263149
0.261849
0.260553
0.259260
0.257971
0.256685
0.255403
0.254124
0.252849
0.251578
0.250309
0.249045
0.247784
0.246526
0.245272
0.244022
0.242775
0.241531
0.240292
0.239056
0.237823
0.236594
0.235369
0.234147
0.232929
0.231715
0.230504
0.229297
0.228093
0.226893
0.225697
0.224505
0.223316
0.222131
0.220949
0.219771
0.218597
0.217427
0.216260
0.215097
0.213938
0.212782
0.211631
0.210482
0.209338
0.208197
0.207061
0.205927
0.204798
0.203672
0.202550
0.201432
0.200318
0.199207
0.198100
0.196997
0.195898
0.194803
0.193711
0.192623
0.191539
0.190458
0.189382
0.188309
0.187240
0.186175
0.185113
0.184056
0.183002
0.181952
0.180906
0.179863
0.178825
0.177790
0.176759
0.175732
0.174709
0.173689
0.172673
0.171662
0.170653
0.169649
0.168649
0.167652
0.166659
0.165670
0.164685
0.163704
0.162726
0.161752
0.160782
0.159816
0.158854
0.157895
0.156941
0.155990
0.155043
0.154100
0.153160
0.152224
0.151292
0.150364
0.149440
0.148520
0.147603
0.146690
0.145781
0.144876
0.143974
0.143076
0.142182
0.141292
0.140406
0.139523
0.138644
0.137769
0.136898
0.136030
0.135166
0.134306
0.133450
0.132597
0.131748
0.130903
0.130062
0.129224
0.128390
0.127560
0.126733
0.125910
0.125091
0.124276
0.123464
0.122656
0.121852
0.121051
0.120254
0.119461
0.118672
0.117886
0.117103
0.116325
0.115550
0.114778
0.114011
0.113247
0.112486
0.111730
0.110976
0.110227
0.109481
0.108738
0.108000
0.107265
0.106533
0.105805
0.105080
0.104359
0.103642
0.102928
0.102218
0.101511
0.100808
0.100108
0.099412
0.098720
0.098030
0.097345
0.096663
0.095984
0.095309
0.094637
0.093969
0.093304
0.092642
0.091984
0.091330
0.090678
0.090031
0.089386
0.088745
0.088108
0.087474
0.086843
0.086215
0.085591
0.084971
0.084353
0.083739
0.083128
0.082521
0.081917
0.081316
0.080718
0.080124
0.079533
0.078945
0.078361
0.077779
0.077201
0.076626
0.076055
0.075486
0.074921
0.074359
0.073800
0.073245
0.072692
0.072143
0.071597
0.071054
0.070514
0.069977
0.069443
0.068912
0.068385
0.067860
0.067339
0.066821
0.066305
0.065793
0.065284
0.064778
0.064274
0.063774
0.063277
0.062783
0.062291
0.061803
0.061318
0.060835
0.060356
0.059879
0.059405
0.058934
0.058466
0.058001
0.057539
0.057080
0.056623
0.056170
0.055719
0.055271
0.054826
0.054383
0.053944
0.053507
0.053073
0.052641
0.052213
0.051787
0.051364
0.050943
0.050526
0.050111
0.049698
0.049289
0.048882
0.048477
0.048075
0.047676
0.047280
0.046886
0.046495
0.046106
0.045720
0.045336
0.044955
0.044576
0.044200
0.043827
0.043456
0.043087
0.042722
0.042358
0.041997
0.041638
0.041282
0.040928
0.040577
0.040228
0.039882
0.039538
0.039196
0.038857
0.038520
0.038185
0.037853
0.037523
0.037195
0.036870
0.036546
0.036226
0.035907
0.035591
0.035277
0.034965
0.034655
0.034348
0.034043
0.033740
0.033439
0.033141
0.032844
0.032550
0.032258
0.031968
0.031680
0.031394
0.031110
0.030829
0.030549
0.030272
0.029996
0.029723
0.029452
0.029182
0.028915
0.028650
0.028387
0.028125
0.027866
0.027609
0.027353
0.027100
0.026848
0.026598
0.026351
0.026105
0.025861
0.025619
0.025379
0.025140
0.024904
0.024669
0.024436
0.024205
0.023976
0.023749
0.023523
0.023299
0.023077
0.022857
0.022638
0.022421
0.022206
0.021993
0.021781
0.021571
0.021362
0.021156
0.020951
0.020747
0.020546
0.020346
0.020147
0.019950
0.019755
0.019562
0.019369
0.019179
0.018990
0.018803
0.018617
0.018433
0.018250
0.018069
0.017889
0.017711
0.017534
0.017359
0.017185
0.017013
0.016842
0.016673
0.016505
0.016338
0.016173
0.016009
0.015847
0.015686
0.015526
0.015368
0.015211
0.015056
0.014902
0.014749
0.014598
0.014448
0.014299
0.014151
0.014005
0.013860
0.013716
0.013574
0.013433
0.013293
0.013154
0.013017
0.012880
0.012745
0.012612
0.012479
0.012348
0.012217
0.012088
0.011960
0.011834
0.011708
0.011583
0.011460
0.011338
0.011217
0.011097
0.010978
0.010860
0.010743
0.010628
0.010513
0.010400
0.010287
0.010176
0.010065
0.009956
0.009848
0.009740
0.009634
0.009529
0.009424
0.009321
0.009219
0.009117
0.009017
0.008917
0.008819
0.008721
0.008625
0.008529
0.008434
0.008340
0.008247
0.008155
0.008064
0.007973
0.007884
0.007795
0.007708
0.007621
0.007535
0.007450
0.007365
0.007282
0.007199
0.007117
0.007036
0.006956
0.006876
0.006798
0.006720
0.006643
0.006566
0.006491
0.006416
0.006342
0.006268
0.006196
0.006124
0.006053
0.005982
0.005913
0.005844
0.005775
0.005708
0.005641
0.005575
0.005509
0.005444
0.005380
0.005317
0.005254
0.005192
0.005130
0.005069
0.005009
0.004949
0.004890
0.004832
0.004774
0.004717
0.004660
